[array([[[ 57, 101]],

       [[ 56, 102]],

       [[ 55, 102]],

       [[ 54, 103]],

       [[ 53, 103]],

       [[ 52, 104]],

       [[ 51, 104]],

       [[ 50, 105]],

       [[ 49, 105]],

       [[ 48, 106]],

       [[ 47, 106]],

       [[ 46, 107]],

       [[ 45, 107]],

       [[ 44, 108]],

       [[ 43, 108]],

       [[ 41, 110]],

       [[ 40, 110]],

       [[ 39, 111]],

       [[ 38, 111]],

       [[ 37, 112]],

       [[ 36, 112]],

       [[ 35, 113]],

       [[ 34, 113]],

       [[ 33, 114]],

       [[ 32, 114]],

       [[ 29, 117]],

       [[ 29, 145]],

       [[ 32, 148]],

       [[ 33, 148]],

       [[ 34, 149]],

       [[ 35, 149]],

       [[ 36, 150]],

       [[ 37, 150]],

       [[ 38, 151]],

       [[ 39, 151]],

       [[ 40, 152]],

       [[ 41, 152]],

       [[ 43, 154]],

       [[ 44, 154]],

       [[ 45, 155]],

       [[ 46, 155]],

       [[ 47, 156]],

       [[ 48, 156]],

       [[ 49, 157]],

       [[ 50, 157]],

       [[ 51, 158]],

       [[ 52, 158]],

       [[ 53, 159]],

       [[ 54, 159]],

       [[ 55, 160]],

       [[ 56, 160]],

       [[ 57, 161]],

       [[ 61, 161]],

       [[ 63, 159]],

       [[ 64, 159]],

       [[ 65, 158]],

       [[ 66, 158]],

       [[ 67, 157]],

       [[ 68, 157]],

       [[ 69, 156]],

       [[ 70, 156]],

       [[ 71, 155]],

       [[ 72, 155]],

       [[ 73, 154]],

       [[ 74, 154]],

       [[ 75, 153]],

       [[ 76, 153]],

       [[ 78, 151]],

       [[ 79, 151]],

       [[ 80, 150]],

       [[ 81, 150]],

       [[ 82, 149]],

       [[ 83, 149]],

       [[ 84, 148]],

       [[ 85, 148]],

       [[ 86, 147]],

       [[ 87, 147]],

       [[ 87, 146]],

       [[ 88, 145]],

       [[ 88, 117]],

       [[ 87, 116]],

       [[ 87, 115]],

       [[ 86, 115]],

       [[ 85, 114]],

       [[ 84, 114]],

       [[ 83, 113]],

       [[ 82, 113]],

       [[ 81, 112]],

       [[ 80, 112]],

       [[ 79, 111]],

       [[ 78, 111]],

       [[ 76, 109]],

       [[ 75, 109]],

       [[ 74, 108]],

       [[ 73, 108]],

       [[ 72, 107]],

       [[ 71, 107]],

       [[ 70, 106]],

       [[ 69, 106]],

       [[ 68, 105]],

       [[ 67, 105]],

       [[ 66, 104]],

       [[ 65, 104]],

       [[ 64, 103]],

       [[ 63, 103]],

       [[ 62, 102]],

       [[ 61, 102]],

       [[ 60, 101]]], dtype=int32), array([[[160,  96]],

       [[159,  97]],

       [[156,  97]],

       [[155,  98]],

       [[154,  98]],

       [[153,  99]],

       [[152,  99]],

       [[149, 102]],

       [[148, 102]],

       [[146, 104]],

       [[146, 105]],

       [[144, 107]],

       [[144, 108]],

       [[142, 110]],

       [[142, 112]],

       [[141, 113]],

       [[141, 115]],

       [[140, 116]],

       [[140, 127]],

       [[141, 128]],

       [[141, 131]],

       [[142, 132]],

       [[142, 133]],

       [[143, 134]],

       [[143, 135]],

       [[145, 137]],

       [[145, 138]],

       [[150, 143]],

       [[151, 143]],

       [[152, 144]],

       [[153, 144]],

       [[154, 145]],

       [[155, 145]],

       [[156, 146]],

       [[158, 146]],

       [[159, 147]],

       [[171, 147]],

       [[172, 146]],

       [[174, 146]],

       [[175, 145]],

       [[176, 145]],

       [[177, 144]],

       [[178, 144]],

       [[181, 141]],

       [[182, 141]],

       [[183, 140]],

       [[183, 139]],

       [[186, 136]],

       [[186, 135]],

       [[187, 134]],

       [[187, 133]],

       [[188, 132]],

       [[188, 131]],

       [[189, 130]],

       [[189, 126]],

       [[190, 125]],

       [[190, 118]],

       [[189, 117]],

       [[189, 114]],

       [[188, 113]],

       [[188, 111]],

       [[187, 110]],

       [[187, 109]],

       [[185, 107]],

       [[185, 106]],

       [[179, 100]],

       [[178, 100]],

       [[177,  99]],

       [[176,  99]],

       [[175,  98]],

       [[174,  98]],

       [[173,  97]],

       [[171,  97]],

       [[170,  96]]], dtype=int32), array([[[199,  91]],

       [[197,  93]],

       [[197, 119]],

       [[198, 120]],

       [[199, 120]],

       [[200, 121]],

       [[282, 121]],

       [[283, 120]],

       [[284, 120]],

       [[284, 119]],

       [[285, 118]],

       [[285,  94]],

       [[284,  93]],

       [[284,  92]],

       [[283,  91]]], dtype=int32), array([[[19, 65]],

       [[19, 86]],

       [[20, 87]],

       [[22, 85]],

       [[22, 84]],

       [[30, 76]],

       [[30, 75]],

       [[38, 67]],

       [[38, 65]]], dtype=int32), array([[[193,  32]],

       [[192,  33]],

       [[192,  79]],

       [[193,  79]],

       [[194,  80]],

       [[239,  80]],

       [[240,  79]],

       [[240,  32]]], dtype=int32), array([[[70, 25]],

       [[70, 27]],

       [[71, 28]],

       [[71, 30]],

       [[72, 31]],

       [[72, 33]],

       [[73, 34]],

       [[73, 35]],

       [[74, 36]],

       [[74, 38]],

       [[75, 39]],

       [[75, 41]],

       [[76, 42]],

       [[76, 44]],

       [[77, 45]],

       [[77, 47]],

       [[78, 48]],

       [[78, 50]],

       [[79, 51]],

       [[79, 52]],

       [[80, 53]],

       [[80, 55]],

       [[79, 56]],

       [[79, 57]],

       [[78, 58]],

       [[78, 59]],

       [[76, 61]],

       [[76, 62]],

       [[75, 63]],

       [[75, 64]],

       [[73, 66]],

       [[73, 67]],

       [[72, 68]],

       [[72, 69]],

       [[70, 71]],

       [[70, 72]],

       [[68, 74]],

       [[68, 75]],

       [[67, 76]],

       [[67, 78]],

       [[92, 78]],

       [[92, 36]],

       [[93, 35]],

       [[93, 33]],

       [[91, 31]],

       [[89, 31]],

       [[88, 30]],

       [[86, 30]],

       [[85, 29]],

       [[83, 29]],

       [[82, 28]],

       [[80, 28]],

       [[79, 27]],

       [[77, 27]],

       [[76, 26]],

       [[74, 26]],

       [[73, 25]]], dtype=int32), array([[[21, 18]],

       [[21, 37]],

       [[43, 37]],

       [[43, 36]],

       [[41, 34]],

       [[40, 34]],

       [[33, 27]],

       [[32, 27]],

       [[24, 19]],

       [[23, 19]],

       [[22, 18]]], dtype=int32), array([[[150,  15]],

       [[148,  17]],

       [[147,  17]],

       [[144,  20]],

       [[143,  20]],

       [[140,  23]],

       [[139,  23]],

       [[136,  26]],

       [[135,  26]],

       [[133,  28]],

       [[132,  28]],

       [[130,  30]],

       [[130,  33]],

       [[131,  34]],

       [[131,  36]],

       [[132,  37]],

       [[132,  39]],

       [[133,  40]],

       [[133,  43]],

       [[134,  44]],

       [[134,  46]],

       [[135,  47]],

       [[135,  49]],

       [[136,  50]],

       [[136,  54]],

       [[135,  55]],

       [[123,  55]],

       [[122,  56]],

       [[122,  82]],

       [[179,  82]],

       [[179,  56]],

       [[178,  55]],

       [[167,  55]],

       [[165,  53]],

       [[165,  52]],

       [[166,  51]],

       [[166,  49]],

       [[167,  48]],

       [[167,  46]],

       [[168,  45]],

       [[168,  42]],

       [[169,  41]],

       [[169,  39]],

       [[170,  38]],

       [[170,  36]],

       [[171,  35]],

       [[171,  33]],

       [[172,  32]],

       [[172,  31]],

       [[171,  30]],

       [[171,  29]],

       [[170,  29]],

       [[167,  26]],

       [[166,  26]],

       [[164,  24]],

       [[163,  24]],

       [[159,  20]],

       [[158,  20]],

       [[156,  18]],

       [[155,  18]],

       [[152,  15]]], dtype=int32), array([[[249,   7]],

       [[248,   8]],

       [[248,  41]],

       [[249,  42]],

       [[249,  74]],

       [[250,  75]],

       [[268,  75]],

       [[269,  74]],

       [[269,  73]],

       [[270,  72]],

       [[270,  43]],

       [[269,  42]],

       [[269,   7]]], dtype=int32)]
