15
4
[[[199  91]]

 [[197  93]]

 [[197 119]]

 [[198 120]]

 [[199 120]]

 [[200 121]]

 [[282 121]]

 [[283 120]]

 [[284 120]]

 [[284 119]]

 [[285 118]]

 [[285  94]]

 [[284  93]]

 [[284  92]]

 [[283  91]]]
9
3
[[[19 65]]

 [[19 86]]

 [[20 87]]

 [[22 85]]

 [[22 84]]

 [[30 76]]

 [[30 75]]

 [[38 67]]

 [[38 65]]]
8
4
[[[193  32]]

 [[192  33]]

 [[192  79]]

 [[193  79]]

 [[194  80]]

 [[239  80]]

 [[240  79]]

 [[240  32]]]
11
3
[[[21 18]]

 [[21 37]]

 [[43 37]]

 [[43 36]]

 [[41 34]]

 [[40 34]]

 [[33 27]]

 [[32 27]]

 [[24 19]]

 [[23 19]]

 [[22 18]]]
13
4
[[[249   7]]

 [[248   8]]

 [[248  41]]

 [[249  42]]

 [[249  74]]

 [[250  75]]

 [[268  75]]

 [[269  74]]

 [[269  73]]

 [[270  72]]

 [[270  43]]

 [[269  42]]

 [[269   7]]]
